00011100001111011101100111110110110001110111000111
10010110110100111001000100011001100101001100001111
10100111111101000011101001101100010110011011010100
11101101111101000001101111011101011011100010100111
11101100110110110010111100101101101001111001000100
11010101011000011001110001111110111110111001001011
10001001001110110101111001001101111000100001010100
11111100001000110111001010110100111000100111110110
00111001011000011011011001000001110010000010010001
00110010100100110111100010000101010011111110100111
01011111001000101011010001001111110100111110110101
11011001101100010011010001111100011010000111000110
11100000000001011111000001011101011110110010110001
10110100010100110000001101110010100101001111110100
11111011010111000111111011111011100100101110111110
10110111100010000101010011111110100111010001101011
10011100101010011000010110111000111101111000100110
10011111011111011100100101111011111010010000011110
00010010100100101000111110010000011110111011001111
11100000101001000100001011111000001011101011001111
10111110111001001011110101101100011000010111101011
11011100101110011100111111011101101000011001111110
10011100100000100001001100011001111011111100011010
11100011111101111101110010010111010001110010101001
10000101101110001100011001111111000010110110110000
00100110111110100111110110101111000011011001011011
01011101100100111000110110110110000101011101100110
10000111101111101011110010010011100010000011011110
01000001111010011101011100111011101101110001100001
00011101011110011100100111100101110101100101111011
01100001010001100010111110000001010101011110111001
01111010010110001100011111001110011100011111101101
11111001110001101011110000011100111100001010110000
101
